  HOME               1                                                                                                                                                                                                                                                                 0 0
                   / 1                                                                                                                                                                                                                                                                 1 0
                   2 0                                                                                                                                                                                                                                                                 2 0
                   3 0                                                                                                                                                                                                                                                                 3 9
                   4 0                                                                                                                                                                                                                                                                 9 0
                   1 1                                                                                                                                                                                                                                                                 5 1
                   2 1                                                                                                                                                                                                                                                                 6 1
                   3 0                                                                                                                                                                                                                                                                 7 1
                   1 0                                                                                                                                                                                                                                                             123 8 5
                   1 1                                                                                                                                                                                                                                                                 9 2
                   2 1                                                                                                                                                                                                                                                       123123123 10 2
